11 199 1 1 12
11 201 1 1 24
11 203 1 1 27
11 205 1 1 29
11 207 1 1 33
11 209 1 1 39
11 211 1 1 42
11 213 1 1 43
11 215 1 1 56
11 217 1 1 58
11 219 1 1 64
11 362 2 10 79
11 560 20 45 8
11 561 20 45 11
11 563 20 35 38
11 592 1 1 0
11 829 5 15 32
11 830 5 5 34
11 989 1 1 124
11 995 500 5000 18
11 1149 1 1 76
11 1185 1 1 66
11 1201 1 1 67
11 1217 1 1 18
11 1247 1 1 58
11 1279 1 1 11
11 1299 1 1 15
11 1319 1 1 81
11 1331 1 1 22
11 1373 1 1 84
11 1615 1 1 66
11 1617 1 1 6
11 1619 1 1 8
11 1621 1 1 14
11 1623 1 1 12
11 2361 1 2 108
11 2363 1 3 106
11 2366 1 1 219
11 2677 1 1 97
11 4131 1 1 178
70 526 1 1 0
247 199 1 1 12
247 201 1 1 24
247 203 1 1 27
247 205 1 1 29
247 207 1 1 33
247 209 1 1 39
247 211 1 1 42
247 213 1 1 43
247 215 1 1 56
247 217 1 1 58
247 219 1 1 64
247 536 1 1 0
247 560 20 45 8
247 561 20 45 11
247 563 20 35 38
247 829 5 15 32
247 830 5 5 34
247 989 1 1 124
247 995 500 5000 18
247 1149 1 1 76
247 1185 1 1 782
247 1201 1 1 67
247 1217 1 1 18
247 1247 1 1 58
247 1279 1 1 11
247 1299 1 1 15
247 1319 1 1 93
247 1331 1 1 22
247 1373 1 1 84
247 1615 1 1 66
247 1617 1 1 6
247 1619 1 1 8
247 1621 1 1 14
247 1623 1 1 12
247 1749 1 1 0
247 2361 1 3 172
247 2366 1 1 219
247 2677 1 1 97
259 199 1 1 12
259 201 1 1 24
259 203 1 1 27
259 205 1 1 29
259 207 1 1 33
259 209 1 1 39
259 211 1 1 42
259 213 1 1 43
259 215 1 1 56
259 217 1 1 58
259 219 1 1 64
259 536 1 1 0
259 560 20 45 8
259 561 20 45 11
259 563 20 35 38
259 829 5 15 32
259 830 5 5 34
259 989 1 1 124
259 995 500 5000 18
259 1149 1 1 76
259 1185 1 1 782
259 1201 1 1 67
259 1217 1 1 18
259 1247 1 1 58
259 1279 1 1 11
259 1299 1 1 15
259 1319 1 1 93
259 1331 1 1 22
259 1373 1 1 84
259 1615 1 1 66
259 1617 1 1 6
259 1619 1 1 8
259 1621 1 1 14
259 1623 1 1 12
259 1747 1 1 0
259 2361 1 3 172
259 2366 1 1 219
259 2677 1 1 97
264 199 1 1 12
264 201 1 1 24
264 203 1 1 27
264 205 1 1 29
264 207 1 1 33
264 209 1 1 39
264 211 1 1 42
264 213 1 1 43
264 215 1 1 56
264 217 1 1 58
264 219 1 1 64
264 536 1 1 0
264 560 20 45 8
264 561 20 45 11
264 563 20 35 38
264 829 5 15 32
264 830 5 5 34
264 989 1 1 124
264 995 500 5000 18
264 1149 1 1 76
264 1185 1 1 782
264 1201 1 1 67
264 1217 1 1 18
264 1247 1 1 58
264 1279 1 1 11
264 1299 1 1 15
264 1319 1 1 93
264 1331 1 1 22
264 1373 1 1 84
264 1615 1 1 66
264 1617 1 1 6
264 1619 1 1 8
264 1621 1 1 14
264 1623 1 1 12
264 1753 1 1 0
264 2361 1 3 172
264 2366 1 1 219
264 2677 1 1 97
268 199 1 1 12
268 201 1 1 24
268 203 1 1 27
268 205 1 1 29
268 207 1 1 33
268 209 1 1 39
268 211 1 1 42
268 213 1 1 43
268 215 1 1 56
268 217 1 1 58
268 219 1 1 64
268 536 1 1 0
268 560 20 45 8
268 561 20 45 11
268 563 20 35 38
268 829 5 15 32
268 830 5 5 34
268 989 1 1 124
268 995 500 5000 18
268 1149 1 1 76
268 1185 1 1 782
268 1201 1 1 67
268 1217 1 1 18
268 1247 1 1 58
268 1279 1 1 11
268 1299 1 1 15
268 1319 1 1 93
268 1331 1 1 22
268 1373 1 1 84
268 1615 1 1 66
268 1617 1 1 6
268 1619 1 1 8
268 1621 1 1 14
268 1623 1 1 12
268 1751 1 1 0
268 2361 1 3 172
268 2366 1 1 219
268 2677 1 1 97
270 199 1 1 12
270 201 1 1 24
270 203 1 1 27
270 205 1 1 29
270 207 1 1 33
270 209 1 1 39
270 211 1 1 42
270 213 1 1 43
270 215 1 1 56
270 217 1 1 58
270 219 1 1 64
270 536 1 1 0
270 560 20 45 8
270 561 20 45 11
270 563 20 35 38
270 829 5 15 32
270 830 5 5 34
270 989 1 1 124
270 995 500 5000 18
270 1149 1 1 76
270 1185 1 1 78
270 1201 1 1 67
270 1217 1 1 18
270 1247 1 1 58
270 1279 1 1 11
270 1299 1 1 15
270 1319 1 1 93
270 1331 1 1 22
270 1373 1 1 84
270 1615 1 1 66
270 1617 1 1 6
270 1619 1 1 8
270 1621 1 1 14
270 1623 1 1 12
270 2350 5 5 0
270 2361 1 3 172
270 2366 1 1 219
270 2677 1 1 97
270 4087 1 1 234
270 4585 1 1 224
270 11286 1 1 984
273 199 1 1 12
273 201 1 1 24
273 203 1 1 27
273 205 1 1 29
273 207 1 1 33
273 209 1 1 39
273 211 1 1 42
273 213 1 1 43
273 215 1 1 56
273 217 1 1 58
273 219 1 1 64
273 536 1 1 0
273 560 20 45 8
273 561 20 45 11
273 563 20 35 38
273 829 5 15 32
273 830 5 5 34
273 989 1 1 124
273 995 500 5000 18
273 1149 1 1 76
273 1185 1 1 78
273 1201 1 1 67
273 1217 1 1 18
273 1247 1 1 58
273 1279 1 1 11
273 1299 1 1 15
273 1319 1 1 93
273 1331 1 1 22
273 1373 1 1 84
273 1615 1 1 66
273 1617 1 1 6
273 1619 1 1 8
273 1621 1 1 14
273 1623 1 1 12
273 2352 5 5 0
273 2361 1 3 172
273 2366 1 1 219
273 2677 1 1 97
273 4087 1 1 234
273 4585 1 1 224
273 11286 1 1 984
274 199 1 1 12
274 201 1 1 24
274 203 1 1 27
274 205 1 1 29
274 207 1 1 33
274 209 1 1 39
274 211 1 1 42
274 213 1 1 43
274 215 1 1 56
274 217 1 1 58
274 219 1 1 64
274 536 1 1 0
274 560 20 45 8
274 561 20 45 11
274 563 20 35 38
274 829 5 15 32
274 830 5 5 34
274 989 1 1 124
274 995 500 5000 18
274 1149 1 1 76
274 1185 1 1 78
274 1201 1 1 67
274 1217 1 1 18
274 1247 1 1 58
274 1279 1 1 11
274 1299 1 1 15
274 1319 1 1 93
274 1331 1 1 22
274 1373 1 1 84
274 1615 1 1 66
274 1617 1 1 6
274 1619 1 1 8
274 1621 1 1 14
274 1623 1 1 12
274 2354 5 5 0
274 2361 1 3 172
274 2366 1 1 219
274 2677 1 1 97
274 4087 1 1 234
274 4585 1 1 224
274 11286 1 1 984
411 199 1 1 12
411 201 1 1 24
411 203 1 1 27
411 205 1 1 29
411 207 1 1 33
411 209 1 1 39
411 211 1 1 42
411 213 1 1 43
411 215 1 1 56
411 217 1 1 58
411 219 1 1 90
411 526 1 1 0
411 560 20 45 8
411 561 20 45 11
411 563 20 35 38
411 829 5 15 32
411 830 5 5 34
411 989 1 1 124
411 995 500 5000 18
411 1149 1 1 76
411 1185 1 1 78
411 1201 1 1 67
411 1217 1 1 18
411 1247 1 1 58
411 1279 1 1 11
411 1299 1 1 20
411 1319 1 1 93
411 1331 1 1 22
411 1373 1 1 84
411 1615 1 1 66
411 1617 1 1 6
411 1619 1 1 8
411 1621 1 1 14
411 1623 1 1 12
411 2361 1 2 108
411 2363 1 3 106
411 2366 1 1 219
411 2677 1 1 97
411 4111 1 1 280
414 199 1 1 12
414 201 1 1 24
414 203 1 1 27
414 205 1 1 29
414 207 1 1 33
414 209 1 1 39
414 211 1 1 42
414 213 1 1 43
414 215 1 1 56
414 217 1 1 58
414 219 1 1 64
414 560 20 45 8
414 561 20 45 11
414 562 5 10 80
414 563 20 35 38
414 564 5 10 100
414 829 5 15 32
414 830 5 5 34
414 989 1 1 124
414 995 500 5000 18
414 1149 1 1 76
414 1185 1 1 78
414 1201 1 1 150
414 1217 1 1 18
414 1247 1 1 58
414 1279 1 1 11
414 1299 1 1 15
414 1319 1 1 93
414 1331 1 1 22
414 1373 1 1 84
414 1615 1 1 66
414 1617 1 1 6
414 1619 1 1 8
414 1621 1 1 14
414 1623 1 1 12
414 2361 1 2 108
414 2363 1 3 106
414 2366 1 1 219
414 2677 1 1 97
414 4105 1 1 280
415 199 1 1 12
415 201 1 1 24
415 203 1 1 27
415 205 1 1 29
415 207 1 1 33
415 209 1 1 39
415 211 1 1 42
415 213 1 1 43
415 215 1 1 56
415 217 1 1 58
415 219 1 1 64
415 560 20 45 8
415 561 20 45 11
415 563 20 35 38
415 592 1 1 0
415 829 5 15 32
415 830 5 5 34
415 989 1 1 124
415 995 500 5000 18
415 1149 1 1 76
415 1185 1 1 150
415 1201 1 1 67
415 1217 1 1 18
415 1247 1 1 58
415 1279 1 1 11
415 1299 1 1 15
415 1319 1 1 93
415 1331 1 1 22
415 1373 1 1 84
415 1615 1 1 66
415 1617 1 1 6
415 1619 1 1 8
415 1621 1 1 14
415 1623 1 1 12
415 2361 1 2 108
415 2363 1 3 106
415 2366 1 1 219
415 2677 1 1 97
415 4151 1 1 450
417 199 1 1 12
417 201 1 1 24
417 203 1 1 27
417 205 1 1 29
417 207 1 1 33
417 209 1 1 39
417 211 1 1 42
417 213 1 1 43
417 215 1 1 56
417 217 1 1 58
417 219 1 1 64
417 526 1 1 0
417 560 20 45 8
417 561 20 45 11
417 563 20 35 38
417 829 5 15 32
417 830 5 5 34
417 989 1 1 124
417 995 500 5000 18
417 1149 1 1 76
417 1185 1 1 78
417 1201 1 1 67
417 1217 1 1 18
417 1247 1 1 58
417 1279 1 1 11
417 1299 1 1 15
417 1319 1 1 93
417 1331 1 1 20
417 1373 1 1 84
417 1615 1 1 66
417 1617 1 1 6
417 1619 1 1 8
417 1621 1 1 14
417 1623 1 1 12
417 2361 1 2 108
417 2363 1 3 106
417 2366 1 1 219
417 2677 1 1 97
417 4109 1 1 280
419 199 1 1 12
419 201 1 1 24
419 203 1 1 27
419 205 1 1 29
419 207 1 1 33
419 209 1 1 39
419 211 1 1 42
419 213 1 1 43
419 215 1 1 56
419 217 1 1 58
419 219 1 1 64
419 526 1 1 0
419 560 20 45 8
419 561 20 45 11
419 563 20 35 38
419 829 5 15 32
419 830 5 5 34
419 989 1 1 124
419 995 500 5000 18
419 1149 1 1 76
419 1185 1 1 78
419 1201 1 1 67
419 1217 1 1 20
419 1247 1 1 58
419 1279 1 1 11
419 1299 1 1 15
419 1319 1 1 93
419 1331 1 1 22
419 1373 1 1 84
419 1615 1 1 66
419 1617 1 1 6
419 1619 1 1 8
419 1621 1 1 14
419 1623 1 1 12
419 2361 1 2 108
419 2363 1 3 106
419 2366 1 1 219
419 2677 1 1 97
419 4117 1 1 180
424 199 1 1 12
424 201 1 1 24
424 203 1 1 27
424 205 1 1 29
424 207 1 1 33
424 209 1 1 39
424 211 1 1 42
424 213 1 1 43
424 215 1 1 56
424 217 1 1 58
424 219 1 1 64
424 526 1 1 0
424 560 20 45 8
424 561 20 45 11
424 563 20 35 18
424 829 5 15 32
424 830 5 5 34
424 989 1 1 124
424 995 500 5000 18
424 1149 1 1 76
424 1185 1 1 77
424 1201 1 1 67
424 1213 1 1 67
424 1217 1 1 18
424 1247 1 1 58
424 1279 1 1 11
424 1299 1 1 15
424 1319 1 1 93
424 1331 1 1 22
424 1373 1 1 84
424 1399 1 1 78
424 1615 1 1 66
424 1617 1 1 6
424 1619 1 1 15
424 1621 1 1 14
424 1623 1 1 12
424 2361 1 2 108
424 2363 1 3 106
424 2366 1 1 219
424 2677 1 1 97
424 3140 1 1 800
435 199 1 1 12
435 201 1 1 24
435 203 1 1 27
435 205 1 1 29
435 207 1 1 33
435 209 1 1 39
435 211 1 1 42
435 213 1 1 43
435 215 1 1 56
435 217 1 1 58
435 219 1 1 64
435 560 20 45 8
435 561 20 45 11
435 563 20 35 38
435 592 1 1 0
435 829 5 15 32
435 830 5 5 34
435 989 1 1 124
435 995 500 5000 18
435 1149 1 1 76
435 1185 1 1 78
435 1201 1 1 67
435 1217 1 1 18
435 1247 1 1 58
435 1279 1 1 20
435 1299 1 1 15
435 1319 1 1 93
435 1331 1 1 22
435 1373 1 1 84
435 1393 1 1 150
435 1615 1 1 66
435 1617 1 1 6
435 1619 1 1 8
435 1621 1 1 14
435 1623 1 1 12
435 2361 1 2 108
435 2363 1 3 106
435 2366 1 1 219
435 2677 1 1 97
446 199 1 1 12
446 201 1 1 24
446 203 1 1 27
446 205 1 1 29
446 207 1 1 33
446 209 1 1 39
446 211 1 1 42
446 213 1 1 43
446 215 1 1 56
446 217 1 1 58
446 219 1 1 64
446 526 1 1 0
446 554 20 48 57
446 555 20 64 66
446 557 20 60 49
446 560 20 45 8
446 561 20 45 11
446 563 20 35 38
446 829 5 15 32
446 830 5 5 34
446 989 1 1 124
446 995 500 5000 18
446 1149 1 1 76
446 1185 1 1 78
446 1201 1 1 67
446 1217 1 1 18
446 1247 1 1 58
446 1279 1 1 11
446 1299 1 1 15
446 1319 1 1 93
446 1331 1 1 22
446 1373 1 1 84
446 1393 1 1 124
446 1615 1 1 66
446 1617 1 1 6
446 1619 1 1 8
446 1621 1 1 14
446 1623 1 1 12
446 2361 1 3 172
446 2366 1 1 219
446 2677 1 1 97
446 3053 1 1 166
446 4099 1 1 182
446 4107 1 1 164
448 199 1 1 12
448 201 1 1 24
448 203 1 1 27
448 205 1 1 29
448 207 1 1 33
448 209 1 1 39
448 211 1 1 42
448 213 1 1 43
448 215 1 1 56
448 217 1 1 58
448 219 1 1 64
448 526 1 1 0
448 560 20 45 8
448 561 20 45 11
448 563 20 35 38
448 829 5 15 48
448 830 5 5 34
448 989 1 1 124
448 995 500 5000 18
448 1149 1 1 76
448 1185 1 1 78
448 1201 1 1 67
448 1217 1 1 18
448 1247 1 1 58
448 1279 1 1 11
448 1299 1 1 15
448 1319 1 1 93
448 1331 1 1 22
448 1373 1 1 84
448 1615 1 1 66
448 1617 1 1 6
448 1619 1 1 8
448 1621 1 1 15
448 1623 1 1 12
448 2361 1 2 108
448 2363 1 3 106
448 2366 1 1 219
448 2677 1 1 97
448 2902 1 1 72
448 2912 1 1 66
448 2922 1 1 61
448 2932 1 1 68
448 2942 1 1 57
448 4105 1 1 280
484 199 1 1 12
484 201 1 1 24
484 203 1 1 27
484 205 1 1 29
484 207 1 1 33
484 209 1 1 39
484 211 1 1 42
484 213 1 1 43
484 215 1 1 56
484 217 1 1 58
484 219 1 1 64
484 526 1 1 0
484 560 20 45 8
484 561 20 45 11
484 563 20 35 38
484 565 5 25 100
484 829 5 15 32
484 830 5 5 34
484 989 1 1 124
484 995 500 5000 18
484 1149 1 1 76
484 1185 1 1 78
484 1201 1 1 67
484 1217 1 1 18
484 1247 1 1 58
484 1279 1 1 11
484 1299 1 1 15
484 1319 1 1 93
484 1331 1 1 22
484 1373 1 1 84
484 1615 1 1 138
484 1617 1 1 6
484 1619 1 1 8
484 1621 1 1 14
484 1623 1 1 15
484 2361 1 2 108
484 2363 1 3 106
484 2366 1 1 219
484 2677 1 1 97
484 4125 1 1 200
891 199 1 1 12
891 201 1 1 24
891 203 1 1 27
891 205 1 1 29
891 207 1 1 33
891 209 1 1 39
891 211 1 1 42
891 213 1 1 43
891 215 1 1 56
891 217 1 1 58
891 219 1 1 64
891 532 1 1 0
891 560 20 45 8
891 561 20 45 11
891 563 20 35 38
891 829 5 15 32
891 830 5 5 34
891 989 1 1 124
891 995 500 5000 18
891 1149 1 1 76
891 1185 1 1 78
891 1201 1 1 67
891 1217 1 1 18
891 1247 1 1 58
891 1279 1 1 19
891 1299 1 1 15
891 1319 1 1 93
891 1331 1 1 22
891 1373 1 1 84
891 1389 1 1 92
891 1615 1 1 66
891 1617 1 1 6
891 1619 1 1 8
891 1621 1 1 14
891 1623 1 1 12
891 2361 1 3 172
891 2366 1 1 219
891 2677 1 1 97
1270 536 1 1 0
1432 199 1 1 12
1432 201 1 1 24
1432 203 1 1 27
1432 205 1 1 29
1432 207 1 1 33
1432 209 1 1 39
1432 211 1 1 42
1432 213 1 1 43
1432 215 1 1 56
1432 217 1 1 58
1432 219 1 1 64
1432 560 20 45 8
1432 561 20 45 11
1432 563 20 35 38
1432 592 1 1 0
1432 829 5 15 32
1432 830 5 5 34
1432 989 1 1 124
1432 995 500 5000 18
1432 1149 1 1 76
1432 1185 1 1 78
1432 1201 1 1 67
1432 1217 1 1 18
1432 1247 1 1 58
1432 1279 1 1 11
1432 1299 1 1 15
1432 1319 1 1 93
1432 1331 1 1 22
1432 1373 1 1 84
1432 1615 1 1 66
1432 1617 1 1 6
1432 1619 1 1 8
1432 1621 1 1 14
1432 1623 1 1 12
1432 2361 1 3 172
1432 2366 1 1 219
1432 2677 1 1 97
1543 199 1 1 12
1543 201 1 1 24
1543 203 1 1 27
1543 205 1 1 29
1543 207 1 1 33
1543 209 1 1 39
1543 211 1 1 42
1543 213 1 1 43
1543 215 1 1 56
1543 217 1 1 58
1543 219 1 1 64
1543 560 20 45 40
1543 561 20 45 11
1543 563 20 35 38
1543 829 5 15 32
1543 830 5 5 34
1543 989 1 1 124
1543 995 500 5000 18
1543 1149 1 1 76
1543 1163 1 1 78
1543 1185 1 1 78
1543 1201 1 1 67
1543 1217 1 1 18
1543 1247 1 1 58
1543 1279 1 1 11
1543 1299 1 1 15
1543 1319 1 1 93
1543 1331 1 1 22
1543 1373 1 1 84
1543 1615 1 1 66
1543 1617 1 1 6
1543 1619 1 1 8
1543 1621 1 1 14
1543 1623 1 1 12
1543 2361 1 2 108
1543 2363 1 3 106
1543 2366 1 1 219
1543 2677 1 1 97
1543 4101 1 1 89
1543 4153 1 1 288
2006 199 1 1 12
2006 201 1 1 24
2006 203 1 1 27
2006 205 1 1 29
2006 207 1 1 33
2006 209 1 1 39
2006 211 1 1 42
2006 213 1 1 43
2006 215 1 1 56
2006 217 1 1 58
2006 219 1 1 64
2006 560 20 45 8
2006 561 20 45 11
2006 563 20 35 38
2006 592 1 1 0
2006 829 5 15 32
2006 830 5 5 34
2006 989 1 1 124
2006 995 500 5000 18
2006 1149 1 1 76
2006 1185 1 1 78
2006 1201 1 1 67
2006 1217 1 1 18
2006 1247 1 1 58
2006 1279 1 1 11
2006 1299 1 1 15
2006 1319 1 1 93
2006 1331 1 1 22
2006 1373 1 1 84
2006 1615 1 1 66
2006 1617 1 1 6
2006 1619 1 1 8
2006 1621 1 1 14
2006 1623 1 1 12
2006 2361 1 3 172
2006 2366 1 1 219
2006 2677 1 1 97
2026 199 1 1 12
2026 201 1 1 24
2026 203 1 1 27
2026 205 1 1 29
2026 207 1 1 33
2026 209 1 1 39
2026 211 1 1 42
2026 213 1 1 43
2026 215 1 1 56
2026 217 1 1 58
2026 219 1 1 64
2026 560 20 45 8
2026 561 20 45 11
2026 563 20 35 38
2026 592 1 1 0
2026 829 5 15 32
2026 830 5 5 34
2026 989 1 1 124
2026 995 500 5000 18
2026 1149 1 1 76
2026 1185 1 1 78
2026 1201 1 1 67
2026 1217 1 1 18
2026 1247 1 1 58
2026 1279 1 1 11
2026 1299 1 1 15
2026 1319 1 1 93
2026 1331 1 1 22
2026 1373 1 1 84
2026 1615 1 1 66
2026 1617 1 1 6
2026 1619 1 1 8
2026 1621 1 1 14
2026 1623 1 1 12
2026 2361 1 3 172
2026 2366 1 1 219
2026 2677 1 1 97
2042 208 30 30 80
2042 384 100 100 40
2042 452 10 15 40
2042 454 300 300 40
2042 537 100 125 20
2042 560 500 1000 40
2042 562 750 1250 40
2042 563 500 1000 20
2042 990 2 2 40
2042 1149 1 1 40
2042 1514 100 200 20
2042 2486 30 30 80
2042 3050 30 30 80
2042 3052 30 30 80
2042 6571 1 1 128
2042 6686 10 10 40
2042 7937 1000 1500 50
2042 9193 12 20 20
2042 12922 1 1 128
2042 12927 1 1 128
2042 12932 1 1 128
2042 12934 100 500 0
2043 208 30 30 80
2043 384 100 100 40
2043 452 10 15 40
2043 454 300 300 40
2043 537 100 125 20
2043 560 500 1000 40
2043 562 750 1250 40
2043 563 500 1000 20
2043 990 2 2 40
2043 1149 1 1 40
2043 1514 100 200 20
2043 2486 30 30 80
2043 3050 30 30 80
2043 3052 30 30 80
2043 6571 1 1 128
2043 6686 10 10 40
2043 7937 1000 1500 50
2043 9193 12 20 20
2043 12922 1 1 128
2043 12927 1 1 128
2043 12932 1 1 128
2043 12934 100 500 0
2044 208 30 30 80
2044 384 100 100 40
2044 452 10 15 40
2044 454 300 300 40
2044 537 100 125 20
2044 560 500 1000 40
2044 562 750 1250 40
2044 563 500 1000 20
2044 990 2 2 40
2044 1149 1 1 40
2044 1514 100 200 20
2044 2486 30 30 80
2044 3050 30 30 80
2044 3052 30 30 80
2044 6571 1 1 128
2044 6686 10 10 40
2044 7937 1000 1500 50
2044 9193 12 20 20
2044 12922 1 1 128
2044 12927 1 1 128
2044 12932 1 1 128
2044 12934 100 500 0
2054 199 1 1 12
2054 201 1 1 24
2054 203 1 1 27
2054 205 1 1 29
2054 207 1 1 33
2054 209 1 1 39
2054 211 1 1 42
2054 213 1 1 43
2054 215 1 1 56
2054 217 1 1 58
2054 219 1 1 64
2054 526 1 4 5
2054 532 1 3 6
2054 534 1 2 7
2054 536 1 1 8
2054 560 20 45 8
2054 561 20 45 11
2054 562 5 50 48
2054 563 20 35 18
2054 565 5 30 64
2054 592 1 1 0
2054 809 100 250 15
2054 829 5 15 32
2054 830 5 5 34
2054 989 1 1 124
2054 995 500 5000 17
2054 1149 1 1 76
2054 1185 1 1 78
2054 1201 1 1 67
2054 1215 1 1 81
2054 1247 1 1 58
2054 1249 1 1 284
2054 1319 1 1 93
2054 1373 1 1 84
2054 1615 1 1 66
2054 2361 1 2 108
2054 2363 1 3 106
2054 2366 1 1 219
2054 2677 1 1 97
2054 7158 1 1 187
2054 11920 1 1 294
2054 12833 1 1 623
2084 199 1 1 12
2084 201 1 1 24
2084 203 1 1 27
2084 205 1 1 29
2084 207 1 1 33
2084 209 1 1 39
2084 211 1 1 42
2084 213 1 1 43
2084 215 1 1 56
2084 217 1 1 58
2084 219 1 1 64
2084 532 1 1 0
2084 560 20 45 8
2084 561 20 45 11
2084 563 20 35 38
2084 829 5 15 32
2084 830 5 5 34
2084 989 1 1 124
2084 995 500 5000 18
2084 1149 1 1 76
2084 1181 1 1 90
2084 1185 1 1 78
2084 1201 1 1 67
2084 1217 1 1 18
2084 1247 1 1 58
2084 1279 1 1 11
2084 1299 1 1 15
2084 1319 1 1 93
2084 1331 1 1 22
2084 1333 1 1 123
2084 1373 1 1 84
2084 1393 1 1 84
2084 1615 1 1 66
2084 1617 1 1 6
2084 1619 1 1 8
2084 1621 1 1 14
2084 1623 1 1 12
2084 2361 1 3 172
2084 2366 1 1 219
2084 2677 1 1 97
2098 199 1 1 12
2098 201 1 1 24
2098 203 1 1 27
2098 205 1 1 29
2098 207 1 1 33
2098 209 1 1 39
2098 211 1 1 42
2098 213 1 1 43
2098 215 1 1 56
2098 217 1 1 58
2098 219 1 1 64
2098 532 1 1 0
2098 560 20 45 8
2098 561 20 45 11
2098 563 20 35 38
2098 829 5 15 32
2098 830 5 5 34
2098 989 1 1 124
2098 995 500 5000 18
2098 1149 1 1 76
2098 1185 1 1 78
2098 1201 1 1 67
2098 1217 1 1 18
2098 1247 1 1 58
2098 1279 1 1 11
2098 1299 1 1 15
2098 1319 1 1 93
2098 1331 1 1 22
2098 1373 1 1 84
2098 1615 1 1 66
2098 1617 1 1 6
2098 1619 1 1 8
2098 1621 1 1 14
2098 1623 1 1 12
2098 2361 1 3 172
2098 2366 1 1 219
2098 2677 1 1 97
2167 199 1 1 12
2167 201 1 1 24
2167 203 1 1 27
2167 205 1 1 29
2167 207 1 1 33
2167 209 1 1 39
2167 211 1 1 42
2167 213 1 1 43
2167 215 1 1 56
2167 217 1 1 58
2167 219 1 1 64
2167 526 1 1 0
2167 560 20 45 8
2167 561 20 45 11
2167 563 20 35 38
2167 829 5 15 32
2167 830 5 5 34
2167 989 1 1 124
2167 995 500 5000 18
2167 1149 1 1 76
2167 1181 1 1 90
2167 1185 1 1 78
2167 1201 1 1 67
2167 1217 1 1 18
2167 1247 1 1 58
2167 1279 1 1 11
2167 1299 1 1 15
2167 1319 1 1 93
2167 1331 1 1 22
2167 1333 1 1 123
2167 1373 1 1 84
2167 1393 1 1 84
2167 1615 1 1 66
2167 1617 1 1 6
2167 1619 1 1 8
2167 1621 1 1 14
2167 1623 1 1 12
2167 2361 1 3 172
2167 2366 1 1 219
2167 2677 1 1 97
2167 6522 5 25 97
2167 6524 1 1 296
2167 6528 1 1 343
2167 6529 100 1500 36
2167 6568 1 1 246
2167 6571 1 1 503
2450 1075 1 1 0
2450 1117 1 1 0
2450 1155 1 1 0
2451 1067 1 1 0
2451 1115 1 1 0
2451 1153 1 1 0
2452 1069 1 1 0
2452 1119 1 1 0
2452 1157 1 1 0
2454 1071 1 1 0
2454 1121 1 1 0
2454 1159 1 1 0
2455 1073 1 1 0
2455 1123 1 1 0
2455 1161 1 1 0
2456 1079 1 1 0
2456 1127 1 1 0
2456 1163 1 1 0
2463 532 1 1 0
2463 869 5 10 20
2463 1213 1 1 50
2463 1289 1 1 50
2463 1319 1 1 50
2463 8851 15 25 50
2464 532 1 1 0
2464 869 5 10 20
2464 1213 1 1 50
2464 1289 1 1 50
2464 1319 1 1 50
2464 8851 15 25 50
2834 530 1 1 0
2878 199 1 1 12
2878 201 1 1 24
2878 203 1 1 27
2878 205 1 1 29
2878 207 1 1 33
2878 209 1 1 39
2878 211 1 1 42
2878 213 1 1 43
2878 215 1 1 56
2878 217 1 1 58
2878 219 1 1 64
2878 526 1 1 0
2878 560 20 45 8
2878 561 20 45 11
2878 563 20 35 38
2878 2677 1 1 189
2919 199 1 1 12
2919 201 1 1 24
2919 203 1 1 27
2919 205 1 1 29
2919 207 1 1 33
2919 209 1 1 39
2919 211 1 1 42
2919 213 1 1 43
2919 215 1 1 56
2919 217 1 1 58
2919 219 1 1 64
2919 536 1 1 0
2919 560 20 45 8
2919 561 20 45 11
2919 563 20 35 38
2919 829 5 15 32
2919 830 5 5 34
2919 989 1 1 124
2919 995 500 5000 18
2919 1149 1 1 76
2919 1185 1 1 78
2919 1201 1 1 67
2919 1217 1 1 18
2919 1247 1 1 58
2919 1279 1 1 11
2919 1299 1 1 15
2919 1319 1 1 93
2919 1331 1 1 22
2919 1373 1 1 84
2919 1615 1 1 66
2919 1617 1 1 6
2919 1619 1 1 8
2919 1621 1 1 14
2919 1623 1 1 12
2919 2360 5 5 0
2919 2361 1 3 172
2919 2366 1 1 219
2919 2677 1 1 97
2919 4087 1 1 234
2919 4585 1 1 224
2919 11286 1 1 984
2919 11335 1 1 664
3209 199 1 1 12
3209 201 1 1 24
3209 203 1 1 27
3209 205 1 1 29
3209 207 1 1 33
3209 209 1 1 39
3209 211 1 1 42
3209 213 1 1 43
3209 215 1 1 56
3209 217 1 1 58
3209 219 1 1 64
3209 532 1 1 0
3209 560 20 45 8
3209 561 20 45 11
3209 563 20 35 38
3209 829 5 15 32
3209 830 5 5 34
3209 989 1 1 124
3209 995 500 5000 18
3209 1149 1 1 76
3209 1161 1 1 88
3209 1181 1 1 90
3209 1185 1 1 78
3209 1201 1 1 67
3209 1217 1 1 18
3209 1247 1 1 58
3209 1279 1 1 11
3209 1299 1 1 15
3209 1319 1 1 93
3209 1331 1 1 22
3209 1333 1 1 123
3209 1373 1 1 84
3209 1393 1 1 84
3209 1516 5 15 68
3209 1518 5 15 67
3209 1520 5 15 62
3209 1615 1 1 66
3209 1617 1 1 6
3209 1619 1 1 8
3209 1621 1 1 14
3209 1623 1 1 12
3209 2361 1 3 172
3209 2366 1 1 219
3209 8901 1 1 500
3998 384 25 50 48
3998 555 100 200 24
3998 556 50 100 43
3998 565 50 75 36
3998 1303 1 1 42
3998 1347 1 1 74
3998 1395 1 1 77
3998 2364 2 5 61
3998 2677 1 1 97
3998 4091 1 1 82
3998 4093 1 1 74
3998 7114 1 1 147
3998 7945 25 50 66
3998 11907 1 1 783
3998 12004 1 1 845
3998 12007 1 1 420
4005 199 1 1 12
4005 201 1 1 24
4005 203 1 1 27
4005 205 1 1 29
4005 207 1 1 33
4005 209 1 1 39
4005 211 1 1 42
4005 213 1 1 43
4005 215 1 1 56
4005 217 1 1 58
4005 219 1 1 64
4005 386 5 10 72
4005 532 1 1 0
4005 560 20 45 8
4005 561 20 45 11
4005 563 20 35 38
4005 829 5 15 32
4005 830 5 5 34
4005 989 1 1 124
4005 995 500 5000 18
4005 1149 1 1 76
4005 1185 1 1 78
4005 1201 1 1 67
4005 1217 1 1 18
4005 1247 1 1 58
4005 1279 1 1 11
4005 1299 1 1 15
4005 1313 1 1 67
4005 1319 1 1 93
4005 1331 1 1 22
4005 1373 1 1 84
4005 1615 1 1 66
4005 1617 1 1 20
4005 1619 1 1 8
4005 1621 1 1 14
4005 1623 1 1 12
4005 2361 1 2 108
4005 2363 1 3 106
4005 2366 1 1 219
4005 2677 1 1 97
4005 11212 5 12 167
5779 199 1 1 12
5779 201 1 1 24
5779 203 1 1 27
5779 205 1 1 29
5779 207 1 1 33
5779 209 1 1 39
5779 211 1 1 42
5779 213 1 1 43
5779 215 1 1 56
5779 217 1 1 58
5779 219 1 1 64
5779 560 20 45 8
5779 561 20 45 11
5779 563 20 35 18
5779 592 1 1 0
5779 829 5 15 32
5779 830 5 5 34
5779 989 1 1 124
5779 995 500 5000 18
5779 1149 1 1 76
5779 1185 1 1 49
5779 1201 1 1 67
5779 1247 1 1 58
5779 1319 1 1 93
5779 1373 1 1 84
5779 1615 1 1 66
5779 2361 1 2 108
5779 2363 1 3 106
5779 2366 1 1 219
5779 2677 1 1 97
5779 6575 1 1 400
6342 199 1 1 12
6342 201 1 1 24
6342 203 1 1 27
6342 205 1 1 29
6342 207 1 1 33
6342 209 1 1 39
6342 211 1 1 42
6342 213 1 1 43
6342 215 1 1 56
6342 217 1 1 58
6342 219 1 1 64
6342 526 1 1 0
6342 560 20 45 8
6342 561 20 45 11
6342 563 20 35 38
6342 829 5 15 32
6342 830 5 5 34
6342 989 1 1 124
6342 995 500 5000 18
6342 1149 1 1 76
6342 1185 1 1 78
6342 1201 1 1 67
6342 1247 1 1 58
6342 1319 1 1 93
6342 1373 1 1 84
6342 1615 1 1 66
6342 2361 1 2 108
6342 2363 1 3 106
6342 2366 1 1 219
6342 2677 1 1 97
6342 10887 1 1 400
6528 526 1 1 0
6528 962 1 1 1250
6528 989 1 1 225
6528 11730 1 1 125
6528 11862 1 1 2000
6560 199 1 1 12
6560 201 1 1 24
6560 203 1 1 27
6560 205 1 1 29
6560 207 1 1 33
6560 209 1 1 39
6560 211 1 1 42
6560 213 1 1 43
6560 215 1 1 56
6560 217 1 1 58
6560 219 1 1 64
6560 536 1 1 0
6560 560 20 45 8
6560 561 20 45 11
6560 563 20 35 38
6560 829 5 15 32
6560 830 5 5 34
6560 989 1 1 124
6560 995 500 5000 18
6560 1149 1 1 76
6560 1185 1 1 78
6560 1201 1 1 67
6560 1247 1 1 58
6560 1303 1 1 200
6560 1319 1 1 93
6560 1373 1 1 84
6560 1615 1 1 66
6560 1747 2 2 0
6560 2361 1 3 180
6560 2366 1 1 219
6560 2677 1 1 97
6560 11286 1 1 646
6560 11920 1 1 400
6573 199 1 1 12
6573 201 1 1 24
6573 203 1 1 27
6573 205 1 1 29
6573 207 1 1 33
6573 209 1 1 39
6573 211 1 1 42
6573 213 1 1 43
6573 215 1 1 56
6573 217 1 1 58
6573 219 1 1 64
6573 532 1 1 0
6573 560 20 45 8
6573 561 20 45 11
6573 563 20 35 38
6573 829 5 15 32
6573 830 5 5 34
6573 989 1 1 124
6573 995 500 5000 18
6573 1149 1 1 76
6573 1185 1 1 78
6573 1201 1 1 67
6573 1215 1 1 100
6573 1247 1 1 58
6573 1319 1 1 93
6573 1373 1 1 84
6573 1615 1 1 66
6573 2363 1 3 106
6573 2366 1 1 219
6573 2677 1 1 97
6573 9144 15 25 60
6573 9185 1 1 96
6573 9244 5 15 98
6573 11810 1 1 670
6573 11818 1 1 302
6573 11820 1 1 298
6573 11822 1 1 294
6573 11826 1 1 460
6573 11828 1 1 450
6573 11830 1 1 440
6574 199 1 1 12
6574 201 1 1 24
6574 203 1 1 27
6574 205 1 1 29
6574 207 1 1 33
6574 209 1 1 39
6574 211 1 1 42
6574 213 1 1 43
6574 215 1 1 56
6574 217 1 1 58
6574 219 1 1 64
6574 532 1 1 0
6574 560 20 45 8
6574 561 20 45 11
6574 563 20 35 38
6574 829 5 15 32
6574 830 5 5 34
6574 989 1 1 124
6574 995 500 5000 82
6574 1149 1 1 76
6574 1185 1 1 78
6574 1201 1 1 67
6574 1247 1 1 58
6574 1303 1 1 88
6574 1319 1 1 93
6574 1373 1 1 84
6574 1615 1 1 200
6574 2361 1 2 108
6574 2363 1 3 106
6574 2366 1 1 219
6574 2677 1 1 97
6574 11818 1 1 294
6574 11820 1 1 298
6574 11822 1 1 302
6574 11832 1 1 496
6574 11834 1 1 404
6574 11836 1 1 304
6575 199 1 1 12
6575 201 1 1 24
6575 203 1 1 27
6575 205 1 1 29
6575 207 1 1 33
6575 209 1 1 39
6575 211 1 1 42
6575 213 1 1 43
6575 215 1 1 56
6575 217 1 1 58
6575 219 1 1 64
6575 526 1 1 0
6575 560 20 45 8
6575 561 20 45 11
6575 563 20 35 38
6575 829 5 15 50
6575 830 5 5 34
6575 989 1 1 124
6575 995 500 5000 18
6575 1149 1 1 76
6575 1185 1 1 78
6575 1201 1 1 67
6575 1247 1 1 58
6575 1289 1 1 97
6575 1319 1 1 93
6575 1373 1 1 84
6575 1615 1 1 66
6575 2361 1 2 108
6575 2363 1 3 106
6575 2366 1 1 219
6575 2677 1 1 97
6575 11785 1 1 600
6575 11814 1 1 620
6575 11818 1 1 302
6575 11820 1 1 298
6575 11822 1 1 296
6575 11838 1 1 400
6576 199 1 1 12
6576 201 1 1 24
6576 203 1 1 27
6576 205 1 1 29
6576 207 1 1 33
6576 209 1 1 39
6576 211 1 1 42
6576 213 1 1 43
6576 215 1 1 56
6576 217 1 1 58
6576 219 1 1 64
6576 560 20 45 8
6576 561 20 45 11
6576 563 20 35 38
6576 592 1 1 0
6576 829 5 15 32
6576 830 5 5 34
6576 989 1 1 124
6576 995 500 5000 18
6576 1149 1 1 76
6576 1185 1 1 78
6576 1201 1 1 67
6576 1247 1 1 58
6576 1319 1 1 93
6576 1373 1 1 84
6576 1615 1 1 66
6576 2361 1 2 108
6576 2363 1 3 106
6576 2366 1 1 219
6576 2677 1 1 150
6576 11792 1 1 476
6576 11816 1 1 520
6576 11818 1 1 302
6576 11820 1 1 294
6576 11822 1 1 288
6576 11840 1 1 304
6579 199 1 1 12
6579 201 1 1 24
6579 203 1 1 27
6579 205 1 1 29
6579 207 1 1 33
6579 209 1 1 39
6579 211 1 1 42
6579 213 1 1 43
6579 215 1 1 56
6579 217 1 1 58
6579 219 1 1 64
6579 441 15 25 86
6579 454 15 25 88
6579 560 20 45 8
6579 561 20 45 11
6579 563 20 35 38
6579 829 5 15 32
6579 830 5 5 34
6579 989 1 1 124
6579 995 500 5000 18
6579 1149 1 1 76
6579 1185 1 1 78
6579 1201 1 1 67
6579 1247 1 1 58
6579 1319 1 1 150
6579 1373 1 1 84
6579 1615 1 1 66
6579 2361 1 2 108
6579 2363 1 3 106
6579 2364 1 3 84
6579 2366 1 1 219
6579 2677 1 1 97
6579 6128 1 1 110
6579 6129 1 1 97
6579 6130 1 1 103
6579 6729 1 1 0
6579 6735 1 1 164
6579 6737 1 1 150
6579 6739 1 1 197
6580 199 1 1 12
6580 201 1 1 24
6580 203 1 1 27
6580 205 1 1 29
6580 207 1 1 33
6580 209 1 1 39
6580 211 1 1 42
6580 213 1 1 43
6580 215 1 1 56
6580 217 1 1 58
6580 219 1 1 64
6580 441 15 25 93
6580 454 15 25 91
6580 560 20 45 8
6580 561 20 45 11
6580 563 20 35 38
6580 829 5 15 32
6580 830 5 5 34
6580 989 1 1 124
6580 995 500 5000 18
6580 1149 1 1 76
6580 1185 1 1 78
6580 1201 1 1 67
6580 1247 1 1 58
6580 1319 1 1 93
6580 1373 1 1 150
6580 1615 1 1 66
6580 2361 1 2 108
6580 2363 1 3 106
6580 2364 1 3 92
6580 2366 1 1 219
6580 2677 1 1 97
6580 3755 1 1 90
6580 6137 1 1 102
6580 6139 1 1 97
6580 6141 1 1 108
6580 6562 1 1 203
6580 6729 1 1 0
6580 6731 1 1 147
6581 199 1 1 12
6581 201 1 1 24
6581 203 1 1 27
6581 205 1 1 29
6581 207 1 1 33
6581 209 1 1 39
6581 211 1 1 42
6581 213 1 1 43
6581 215 1 1 56
6581 217 1 1 58
6581 219 1 1 64
6581 441 15 25 97
6581 454 15 25 94
6581 560 20 45 8
6581 561 20 45 11
6581 563 20 35 38
6581 829 5 15 32
6581 830 5 5 34
6581 989 1 1 150
6581 995 500 5000 18
6581 1149 1 1 76
6581 1185 1 1 78
6581 1201 1 1 67
6581 1247 1 1 58
6581 1319 1 1 93
6581 1373 1 1 84
6581 1615 1 1 66
6581 2361 1 2 108
6581 2363 1 3 106
6581 2364 1 3 93
6581 2366 1 1 219
6581 2677 1 1 97
6581 3749 1 1 99
6581 6131 1 1 94
6581 6133 1 1 84
6581 6135 1 1 86
6581 6729 1 1 0
6581 6733 1 1 138
6581 6739 1 1 187
6609 199 1 1 12
6609 201 1 1 24
6609 203 1 1 27
6609 205 1 1 29
6609 207 1 1 33
6609 209 1 1 39
6609 211 1 1 42
6609 213 1 1 43
6609 215 1 1 56
6609 217 1 1 58
6609 219 1 1 64
6609 532 1 1 0
6609 560 20 45 8
6609 561 20 45 11
6609 563 20 35 38
6609 829 5 15 32
6609 830 5 5 34
6609 989 1 1 124
6609 995 500 5000 18
6609 1149 1 1 76
6609 1185 1 1 78
6609 1201 1 1 67
6609 1247 1 1 150
6609 1319 1 1 93
6609 1373 1 1 84
6609 1615 1 1 66
6609 2361 1 2 108
6609 2363 1 3 106
6609 2366 1 1 219
6609 2677 1 1 97
6609 7158 1 1 297
6609 11920 1 1 472
6609 11924 1 1 783
6609 11926 1 1 794
6609 12603 1 1 591
6610 199 1 1 12
6610 201 1 1 24
6610 203 1 1 27
6610 205 1 1 29
6610 207 1 1 33
6610 209 1 1 39
6610 211 1 1 42
6610 213 1 1 43
6610 215 1 1 56
6610 217 1 1 58
6610 219 1 1 64
6610 560 20 45 8
6610 561 20 45 11
6610 563 20 35 38
6610 829 5 15 32
6610 830 5 5 34
6610 989 1 1 124
6610 995 500 5000 18
6610 1149 1 1 76
6610 1185 1 1 78
6610 1201 1 1 67
6610 1247 1 1 58
6610 1319 1 1 93
6610 1373 1 1 84
6610 1615 1 1 66
6610 2361 1 2 108
6610 2363 1 3 106
6610 2366 1 1 250
6610 2677 1 1 97
6610 7158 1 1 389
6610 9243 50 100 193
6610 11789 1 1 782
6610 11920 1 1 467
6610 12000 1 1 748
6610 12605 1 1 567
6611 199 1 1 12
6611 201 1 1 24
6611 203 1 1 27
6611 205 1 1 29
6611 207 1 1 33
6611 209 1 1 39
6611 211 1 1 42
6611 213 1 1 43
6611 215 1 1 56
6611 217 1 1 58
6611 219 1 1 64
6611 532 1 2 0
6611 560 20 45 8
6611 561 20 45 11
6611 563 20 35 38
6611 829 5 15 32
6611 830 5 5 34
6611 989 1 1 124
6611 995 500 5000 18
6611 1149 1 1 150
6611 1185 1 1 78
6611 1201 1 1 67
6611 1247 1 1 58
6611 1305 1 1 104
6611 1319 1 1 93
6611 1373 1 1 84
6611 1615 1 1 66
6611 2361 1 2 108
6611 2363 1 3 106
6611 2366 1 1 219
6611 2677 1 1 97
6611 4675 1 1 98
6611 7158 1 1 386
6611 11920 1 1 462
6611 12601 1 1 567
6611 12819 1 1 923
6611 12823 1 1 842
6611 12827 1 1 847
6611 12829 1 1 147
6612 199 1 1 12
6612 201 1 1 24
6612 203 1 1 27
6612 205 1 1 29
6612 207 1 1 33
6612 209 1 1 39
6612 211 1 1 42
6612 213 1 1 43
6612 215 1 1 56
6612 217 1 1 58
6612 219 1 1 64
6612 532 1 2 0
6612 560 20 45 8
6612 561 20 45 11
6612 563 20 35 38
6612 829 5 15 32
6612 830 5 5 34
6612 989 1 1 124
6612 995 500 5000 18
6612 1149 1 1 150
6612 1185 1 1 78
6612 1201 1 1 67
6612 1247 1 1 58
6612 1305 1 1 104
6612 1319 1 1 93
6612 1373 1 1 84
6612 1615 1 1 66
6612 2361 1 2 108
6612 2363 1 3 106
6612 2366 1 1 219
6612 2677 1 1 97
6612 4675 1 1 98
6612 7158 1 1 386
6612 11920 1 1 462
6612 12601 1 1 567
6612 12819 1 1 923
6612 12823 1 1 842
6612 12827 1 1 847
6612 12829 1 1 147
